0 616 196 24 119 62 197 80 130 497 191 50 82 444 166 59 122 371 170 66 146 
1 438 179 40 107 546 193 81 78 612 205 27 108 62 199 80 129 497 195 49 82 375 174 55 144 444 166 58 124 
2 438 179 41 108 546 193 81 79 605 212 34 97 61 199 81 130 497 194 50 82 376 174 55 143 444 166 60 123 
3 608 206 29 106 61 200 81 130 498 196 49 82 443 168 59 121 377 174 54 144 
4 549 196 76 72 61 205 80 125 498 198 48 80 444 173 57 119 378 174 53 145 
5 60 207 81 124 498 198 47 81 445 176 57 119 379 180 52 142 
6 60 209 82 124 499 202 44 78 445 176 57 119 380 182 51 140 
7 59 209 83 124 498 202 46 78 380 181 51 143 444 177 57 118 
8 437 183 39 111 59 207 83 125 498 197 47 82 447 174 55 121 380 181 49 142 
9 438 182 39 112 60 206 82 126 499 198 47 81 448 175 55 121 379 181 48 142 
10 439 182 39 112 60 205 80 126 498 197 48 83 449 175 53 120 379 181 46 142 
11 439 180 40 111 60 202 82 129 498 198 49 81 379 181 46 142 447 173 55 120 
12 60 203 82 129 498 199 47 80 446 173 55 119 378 179 48 144 
13 61 200 80 131 498 199 47 79 445 171 57 121 376 182 50 139 
14 60 202 82 130 498 198 47 81 447 174 54 120 376 176 51 142 
15 60 202 82 130 498 198 47 82 377 177 50 139 447 173 55 121 
16 61 199 81 133 498 198 48 81 447 171 55 123 377 179 49 135 
17 61 199 81 132 498 197 47 82 377 180 49 133 446 171 57 123 
18 61 201 80 129 499 199 46 79 447 174 56 120 378 179 48 135 
19 61 200 80 132 498 199 46 80 446 173 56 119 379 178 47 138 
20 498 196 48 83 61 200 81 131 378 177 47 138 445 170 56 123 
21 60 201 82 131 498 199 47 81 379 178 46 139 445 173 57 121 
22 60 202 81 130 498 197 49 82 446 173 55 121 379 178 47 139 
23 557 199 77 68 437 180 43 112 60 203 82 129 498 197 48 82 446 174 56 119 379 178 47 139 
24 60 204 82 128 498 197 47 81 380 176 46 142 445 175 57 120 
25 60 203 81 129 499 198 47 81 444 175 58 121 380 181 47 139 
26 558 200 77 70 60 203 81 128 498 198 47 81 444 174 58 119 381 176 45 142 
27 557 198 78 68 498 198 47 81 61 203 81 128 443 173 58 120 380 176 47 141 
28 557 197 78 70 60 202 81 128 498 197 48 82 444 173 56 121 380 176 46 141 
29 557 195 78 73 60 201 81 130 498 195 48 84 380 177 47 139 443 171 57 122 
30 557 197 78 70 59 200 82 132 496 196 50 84 442 172 57 122 380 177 47 140 
31 558 195 78 74 60 200 81 132 496 196 50 83 442 172 56 122 381 177 47 140 
32 60 200 82 132 496 195 51 85 442 171 56 122 381 177 46 139 
33 60 199 82 134 496 194 51 85 439 170 50 126 381 176 45 142 
34 60 200 82 133 496 195 50 83 440 171 47 127 381 175 46 144 
35 59 201 83 132 496 197 50 81 440 171 46 128 381 174 47 146 
36 59 203 83 130 496 197 51 82 438 172 47 127 380 182 47 139 
37 610 201 29 126 59 199 83 134 497 197 50 81 438 172 46 124 379 177 51 141 
38 455 181 43 106 60 199 82 134 613 189 26 144 497 196 50 82 438 172 46 125 379 176 51 143 
39 59 199 83 135 612 183 26 156 496 195 52 83 437 169 47 129 381 185 49 133 
40 60 200 82 132 496 195 51 83 609 185 30 152 437 170 46 126 380 185 50 133 
41 59 201 83 131 601 190 38 148 495 195 52 84 437 171 47 129 380 187 52 131 
42 451 181 45 108 599 197 39 132 59 201 83 132 561 187 77 148 495 194 53 84 436 170 49 130 380 185 51 133 
43 59 201 83 132 494 194 54 86 436 171 48 129 559 188 77 147 381 183 49 136 
44 59 201 83 132 495 195 52 84 436 171 48 128 557 186 80 146 382 173 49 148 
45 452 182 44 108 60 199 82 133 494 194 52 84 437 170 48 129 382 173 49 147 555 188 79 145 
46 59 200 83 132 494 195 53 85 437 169 49 130 382 174 50 145 556 188 78 144 
47 60 201 83 132 494 195 53 85 436 169 49 130 382 173 50 146 550 184 75 147 
48 453 179 44 112 60 200 82 132 494 195 51 84 436 168 49 131 382 174 49 146 552 184 66 148 
49 60 200 80 132 495 196 50 82 436 168 51 132 553 190 51 138 381 174 50 145 
50 61 199 80 132 495 196 51 78 542 193 55 133 437 169 50 131 382 174 50 144 
51 60 199 83 133 489 191 44 85 528 180 64 147 381 175 51 143 438 168 50 132 
52 61 200 81 131 491 189 37 85 520 175 64 159 381 176 50 142 439 168 51 132 
53 491 189 35 87 61 199 81 131 382 177 51 140 510 176 73 158 439 167 51 134 
54 489 188 35 92 60 201 81 130 508 181 74 150 381 175 49 144 444 169 52 132 
55 488 184 32 98 60 201 81 130 507 185 76 144 445 170 51 131 380 175 49 144 
56 60 201 80 130 505 190 54 135 444 172 54 127 381 184 49 134 
57 61 203 79 126 497 191 46 135 446 171 50 128 381 175 49 143 
58 61 203 79 128 486 192 48 138 445 172 50 127 381 175 49 143 
59 61 204 79 126 474 194 54 122 448 173 48 126 381 174 49 146 
60 438 181 40 112 61 204 80 125 450 175 45 125 462 184 71 149 381 176 49 142 
61 508 204 38 72 441 182 37 114 61 205 80 126 449 182 71 149 381 177 49 141 
62 60 204 81 128 439 183 34 113 504 203 42 72 446 186 72 148 381 184 48 135 
63 60 204 80 127 499 197 46 80 444 180 70 157 380 177 50 139 
64 478 183 22 43 60 204 81 127 499 196 47 80 447 188 52 138 381 178 50 138 
65 61 204 80 128 459 173 42 132 498 197 48 82 438 191 49 132 380 176 50 141 
66 560 199 74 68 61 204 80 127 466 175 37 117 497 196 49 81 430 186 49 139 381 176 49 142 
67 61 204 81 128 498 197 47 81 464 176 38 110 426 184 47 146 382 185 46 133 
68 559 201 76 68 61 204 81 128 498 197 48 82 461 179 42 113 421 182 49 146 384 185 43 134 
69 61 202 80 130 498 198 47 80 459 176 44 117 380 181 45 130 410 189 56 137 
70 61 203 80 129 498 197 47 81 381 183 45 125 456 174 49 124 398 183 68 152 
71 61 204 80 129 382 181 39 123 499 199 47 79 396 182 64 154 452 176 50 124 
72 440 187 37 108 61 202 80 130 499 197 46 81 395 190 51 141 451 174 50 125 
73 61 201 79 131 499 196 47 83 450 173 51 126 385 174 48 159 
74 61 202 80 130 499 197 46 82 451 173 51 126 378 186 48 143 
75 61 203 80 129 500 199 46 79 375 185 49 145 449 174 52 126 
76 440 182 40 113 61 202 80 128 499 199 46 80 391 176 45 135 449 175 52 124 350 180 68 155 
77 437 184 39 109 61 202 80 129 500 199 46 79 388 176 46 138 448 175 53 124 342 184 76 152 
78 436 184 38 110 500 201 44 78 61 202 80 130 386 178 49 135 448 175 53 125 340 189 75 145 
79 436 184 37 109 61 202 80 131 500 200 44 79 383 178 51 135 448 174 53 125 341 186 65 151 
80 435 187 35 105 61 201 79 130 499 199 46 80 384 185 50 134 334 194 53 137 449 174 52 125 
81 436 188 35 105 60 199 82 132 498 197 48 82 384 180 51 143 329 192 50 135 450 174 52 126 
82 436 187 34 107 60 200 82 133 499 198 47 81 325 193 49 136 384 181 51 140 450 173 51 126 
83 436 187 34 106 61 198 81 133 499 198 47 81 309 202 50 125 383 183 51 136 450 174 52 126 
84 436 183 38 112 61 199 80 131 498 197 48 82 295 189 73 141 383 178 53 137 448 173 54 125 
85 62 199 79 131 498 197 49 82 292 193 75 135 383 178 52 137 448 173 53 125 
86 438 184 38 109 61 199 80 132 499 198 48 80 382 177 55 140 448 173 54 124 286 192 74 138 
87 438 184 38 109 289 187 51 138 499 197 48 82 61 199 80 132 448 172 54 124 382 176 54 140 
88 437 184 36 110 62 199 79 133 499 197 48 82 382 176 54 140 450 173 52 125 286 183 45 140 
89 437 185 36 109 61 199 79 132 499 197 47 81 383 178 54 138 450 172 52 126 276 182 46 143 
90 436 186 35 106 61 199 79 133 499 198 46 80 383 178 54 137 450 173 52 125 270 182 44 142 
91 438 187 35 106 61 200 79 133 499 197 47 82 383 184 55 136 451 173 52 126 267 180 44 142 
92 437 187 36 107 61 199 79 133 499 197 46 82 383 183 56 136 253 189 55 132 450 174 52 125 
93 61 200 80 132 499 197 46 81 382 177 55 140 449 174 53 124 247 191 57 126 
94 61 200 81 133 500 197 46 82 382 177 55 141 449 174 53 123 243 193 59 126 
95 437 183 36 112 61 199 81 134 499 197 46 82 382 176 56 142 449 172 52 126 241 186 49 135 
96 436 185 36 110 61 200 80 133 499 197 46 82 382 175 55 143 450 173 53 125 235 182 48 138 
97 438 181 39 116 61 200 81 134 499 198 46 82 383 182 54 139 231 181 49 129 447 174 54 125 
98 437 180 37 116 499 197 46 83 61 200 80 133 382 176 54 142 226 180 51 131 448 174 53 125 
99 439 180 39 117 61 200 80 133 221 181 54 130 498 198 47 82 383 182 54 139 448 174 53 126 
100 438 182 39 114 60 200 82 134 208 196 61 117 498 198 46 81 382 185 52 134 448 174 53 126 
101 60 199 82 135 499 198 46 81 205 193 62 118 381 186 51 132 449 174 53 125 
102 60 199 82 134 500 199 45 81 206 181 60 130 382 184 50 135 450 174 52 126 
103 437 183 35 112 60 199 82 134 499 199 45 80 202 176 58 137 382 184 50 135 450 174 52 126 
104 435 185 35 109 499 198 46 81 60 199 82 133 197 181 56 127 382 183 50 137 449 174 52 125 
105 435 185 36 108 499 198 47 81 59 199 82 132 196 184 54 121 382 175 52 144 450 174 52 125 
106 60 199 81 133 499 197 48 81 193 189 45 113 382 175 51 143 449 174 52 125 
107 61 200 81 134 499 198 46 81 188 188 48 114 450 174 51 125 382 174 49 146 
108 60 201 81 132 499 197 46 82 185 186 48 116 450 174 51 126 382 174 50 145 
109 436 185 36 110 60 201 82 133 498 197 47 82 181 185 50 119 381 185 51 134 449 175 52 126 
110 60 200 83 133 498 198 47 82 177 185 49 120 381 185 51 134 449 174 52 126 
111 439 182 38 114 59 201 84 132 498 197 47 82 175 184 50 121 380 185 53 134 448 175 53 126 
112 438 184 35 111 60 200 82 134 499 199 45 80 175 182 47 123 381 185 51 135 450 174 51 128 
113 438 183 35 112 60 200 82 133 170 189 48 107 499 197 45 83 380 176 51 143 450 174 51 127 
114 60 201 82 132 499 198 46 81 166 189 54 106 380 175 51 144 450 174 51 127 
115 61 200 81 134 165 188 54 104 499 198 46 81 380 176 52 142 451 174 51 127 
116 60 199 83 135 166 185 50 106 499 198 47 82 380 175 51 144 450 173 51 127 
117 60 201 83 133 165 182 49 109 499 197 47 82 380 185 52 134 450 174 51 126 
118 437 185 36 110 59 200 84 134 164 180 49 112 499 197 46 83 380 187 53 131 450 175 51 126 
119 436 184 36 110 60 201 83 132 499 198 46 81 161 177 50 118 380 185 53 135 450 174 51 127 
120 438 183 36 112 60 202 82 132 499 199 46 80 160 177 50 116 380 174 52 145 450 174 51 125 
121 438 183 39 114 499 198 46 82 59 202 84 132 159 181 49 111 380 184 53 136 448 175 52 125 
122 437 184 39 112 59 202 84 132 498 198 47 82 157 180 49 114 380 183 53 137 449 175 51 125 
123 499 202 45 79 58 203 86 132 155 177 49 118 381 185 54 134 449 175 51 126 
124 153 174 51 120 500 202 44 78 58 202 84 132 381 186 54 134 450 176 52 126 
125 58 202 85 134 151 175 50 113 499 202 46 78 382 186 56 133 448 177 53 124 
126 58 203 84 132 149 164 50 113 499 202 46 78 383 186 55 133 449 177 52 124 
127 58 203 84 132 148 162 51 108 499 202 46 78 383 188 55 131 449 177 51 124 
128 59 204 83 132 142 160 52 103 498 200 46 80 383 187 55 133 449 176 50 125 
129 59 204 83 131 142 157 53 106 499 200 46 80 383 187 54 134 450 176 50 126 
130 60 205 82 130 141 150 54 113 498 200 46 80 384 185 53 136 450 176 49 127 
131 60 206 82 129 139 149 57 113 498 200 48 81 383 185 53 136 450 177 49 127 
132 60 205 82 131 498 199 48 82 137 148 59 115 382 186 51 134 450 176 49 128 
133 59 205 83 132 139 147 57 116 498 201 47 81 383 184 50 137 450 177 49 129 
134 60 205 80 131 498 202 48 80 140 147 55 116 383 184 46 138 450 177 50 129 
135 60 204 82 133 498 201 49 82 139 146 56 118 383 184 47 138 450 177 50 129 
136 60 209 81 132 138 147 57 118 497 201 49 82 383 184 46 138 450 178 50 128 
137 61 209 81 133 140 147 55 117 498 202 48 80 383 184 46 140 450 181 51 126 
138 142 146 53 118 498 201 48 81 382 184 47 140 450 181 51 126 
139 142 144 52 121 497 200 49 82 382 184 49 140 450 180 51 127 
140 61 205 80 131 143 140 51 127 497 200 50 83 382 184 49 138 450 178 51 128 
141 61 206 80 131 142 131 50 129 497 201 48 82 381 185 50 139 450 180 51 126 
142 62 211 78 130 142 130 50 132 497 201 50 82 381 186 51 137 449 179 52 127 
143 61 205 78 131 142 127 49 133 497 200 50 84 382 184 49 138 449 178 52 128 
144 61 206 79 130 141 124 52 134 497 200 49 83 383 183 49 139 449 179 52 128 
145 61 206 79 130 142 123 52 134 497 201 49 82 383 184 48 138 449 179 51 129 
146 132 118 68 144 61 206 79 130 497 199 50 83 383 185 47 137 449 177 51 130 
147 61 205 78 131 140 123 55 126 496 199 51 84 382 187 48 134 449 177 51 128 
148 62 207 78 129 140 124 56 120 497 200 49 83 382 187 47 134 449 178 52 128 
149 61 206 78 130 130 118 73 137 497 200 50 83 383 185 47 136 450 178 51 128 
150 63 206 76 130 497 201 48 81 129 117 73 140 382 187 48 133 450 179 51 127 
151 64 211 76 130 129 116 73 139 498 201 48 81 382 187 48 134 450 180 52 127 
152 63 206 76 130 497 200 49 83 129 117 74 136 382 188 48 132 449 179 51 127 
153 63 206 77 129 127 116 76 136 497 199 49 83 382 187 48 132 450 178 51 127 
154 62 206 78 130 126 114 76 143 497 199 48 83 382 186 48 134 450 177 50 128 
155 554 187 80 65 62 205 78 131 126 115 77 139 497 199 49 83 382 188 48 131 449 177 51 129 
156 553 186 82 65 62 205 78 131 126 115 78 139 497 198 49 85 382 188 48 132 449 178 51 128 
157 554 186 81 66 62 206 77 129 126 116 78 139 497 200 49 83 382 189 48 130 448 179 52 127 
158 553 186 82 66 125 116 79 141 62 207 77 129 497 199 49 84 382 191 49 129 448 179 52 127 
159 62 207 78 129 555 186 80 68 139 123 56 120 497 199 48 83 382 192 49 128 449 180 51 126 
160 139 126 54 117 62 206 77 129 498 200 48 82 382 191 50 129 449 179 52 127 
161 62 206 78 130 138 126 58 113 498 200 47 83 383 190 49 130 449 180 51 127 
162 125 114 77 149 62 206 78 130 498 201 48 82 383 188 49 132 448 178 51 129 
163 140 127 55 114 62 205 78 132 497 200 49 83 383 190 47 130 448 178 51 129 
164 140 125 54 118 62 205 78 132 497 201 48 83 383 189 47 131 448 178 51 128 
165 61 205 79 132 139 127 55 114 498 201 48 81 384 190 46 131 448 180 51 128 
166 62 211 78 130 441 184 38 117 140 128 53 115 498 201 47 81 385 189 46 134 449 180 51 127 
167 141 126 52 117 62 204 78 133 497 200 48 83 384 189 48 131 447 179 51 126 
168 62 204 78 133 141 128 53 116 497 201 48 82 385 186 48 136 447 180 51 127 
169 142 127 51 118 62 204 79 133 497 199 48 84 384 188 49 132 447 180 51 128 
170 61 205 80 132 144 131 48 117 497 201 48 82 385 189 48 133 448 179 51 128 
171 145 130 47 117 497 200 49 83 384 189 49 132 447 179 51 129 
172 144 128 49 121 496 199 48 84 384 189 48 133 448 180 51 127 
173 144 130 49 116 497 200 48 83 384 189 49 133 449 179 50 128 
174 547 204 79 69 440 184 37 118 145 130 48 114 496 199 48 85 385 188 47 135 450 179 49 129 
175 440 184 38 119 144 129 48 116 496 198 48 86 384 189 48 133 449 180 49 128 
176 439 185 37 117 142 127 51 121 497 198 48 85 384 190 48 132 449 180 50 128 
177 439 185 37 118 140 127 54 116 497 198 48 85 384 188 48 135 449 180 49 128 
178 439 185 35 117 63 211 77 131 139 125 55 118 497 200 48 84 450 181 49 127 383 188 48 136 
179 63 211 77 131 440 185 36 118 139 127 53 112 497 199 49 84 449 181 49 127 383 188 48 135 
180 62 211 78 131 439 185 36 117 138 126 54 112 497 200 48 83 383 188 49 135 449 181 49 127 
181 63 211 77 130 440 185 37 119 139 126 54 114 497 199 48 83 383 187 49 136 449 181 50 127 
182 440 185 36 118 140 125 55 115 496 200 48 83 449 181 50 127 383 185 48 138 
183 441 184 37 120 141 124 51 116 497 201 48 82 383 185 48 139 448 180 50 129 
184 441 184 36 120 141 123 51 117 498 201 48 82 449 180 50 130 383 185 48 140 
185 441 184 35 120 577 214 61 95 137 116 59 110 498 202 47 81 384 184 49 141 449 180 50 129 
186 63 211 77 130 440 184 35 119 137 113 60 112 498 202 48 81 449 180 50 130 384 186 48 139 
187 63 212 76 129 440 184 35 119 135 110 63 106 497 202 48 82 449 180 51 130 384 185 47 140 
188 63 212 75 129 440 184 36 119 134 109 65 103 497 202 48 82 449 180 51 130 384 185 47 140 
189 63 212 76 130 440 185 36 118 135 108 64 101 498 202 46 82 384 185 48 140 449 180 51 130 
190 439 186 34 116 64 212 75 129 136 108 63 102 498 202 47 82 384 186 48 140 449 180 51 130 
191 63 212 76 129 440 185 35 118 136 109 61 105 498 203 46 81 449 180 50 130 384 185 48 140 
192 440 185 35 117 63 212 76 129 137 111 59 113 498 202 47 82 449 180 51 129 384 185 49 140 
193 439 185 34 116 63 211 76 130 135 114 61 112 498 202 47 82 449 181 51 128 384 185 49 140 
194 440 185 34 117 140 121 54 119 497 201 48 82 449 181 51 129 385 185 49 140 
195 439 187 34 114 63 212 77 129 139 124 55 115 498 202 48 82 385 185 49 140 449 181 51 128 
196 63 212 77 128 139 125 55 118 498 202 47 82 384 185 49 139 449 181 51 128 
197 138 128 55 114 497 201 48 82 385 186 49 137 449 181 51 128 
198 62 212 78 129 138 128 57 110 497 201 48 82 385 186 49 137 449 181 52 127 
199 63 213 76 127 139 127 56 117 497 201 48 83 385 186 49 138 449 181 51 128 
200 63 212 77 128 139 127 55 118 497 201 48 83 385 185 50 139 449 181 51 128 
201 63 212 77 129 142 126 52 125 497 200 48 84 385 185 51 140 449 181 52 128 
202 440 186 35 115 143 126 51 126 63 212 76 127 497 201 48 83 385 185 51 139 448 181 53 129 
203 63 212 77 129 142 127 52 125 497 201 48 82 385 185 52 140 448 182 52 128 
204 63 212 76 129 141 126 54 128 498 202 46 82 385 184 50 142 449 181 52 128 
205 63 213 76 128 139 126 56 122 498 201 48 82 385 185 51 141 449 181 52 128 
206 441 187 35 115 63 213 76 127 138 126 57 119 498 202 48 82 386 184 52 143 448 181 53 128 
207 63 213 76 127 139 126 56 118 497 201 48 82 386 184 54 142 447 181 53 128 
208 63 213 77 128 140 126 55 119 498 201 48 82 386 187 54 140 448 181 53 128 
209 63 213 77 128 139 125 55 119 498 201 48 82 386 186 54 142 447 181 53 129 
210 63 213 75 127 139 127 55 116 498 202 47 82 386 186 54 143 448 181 53 129 
211 63 212 75 129 140 127 55 114 498 200 47 85 386 186 54 142 448 180 53 130 
212 63 212 76 129 141 127 52 111 498 201 47 84 385 188 54 140 449 181 52 130 
213 63 212 76 129 140 124 54 114 497 201 47 84 385 187 54 141 449 181 51 130 
214 63 212 76 129 137 115 61 107 497 200 48 85 385 188 52 138 449 181 51 129 
215 545 206 82 70 63 212 77 129 138 114 58 106 496 201 49 84 384 187 52 139 448 182 52 128 
216 62 212 77 129 136 112 61 103 496 199 50 85 385 185 48 141 447 180 52 130 
217 63 212 76 129 136 112 61 102 496 200 50 85 384 185 49 142 447 180 52 131 
218 63 212 76 129 136 110 62 106 495 199 50 86 447 180 50 130 383 185 49 141 
219 544 206 83 69 63 212 76 129 136 111 60 103 495 199 50 87 382 184 49 142 446 180 50 132 
220 63 212 76 129 137 112 59 110 495 198 51 87 446 179 50 133 382 184 48 142 
221 63 212 76 129 135 114 63 115 495 198 51 86 447 178 48 133 382 184 48 142 
222 63 213 76 128 140 122 54 117 495 198 50 87 447 179 48 133 381 185 49 141 
223 63 213 77 128 142 127 51 113 494 198 51 87 439 179 47 134 381 186 48 139 
224 140 126 53 117 63 213 76 127 495 199 50 86 440 178 47 135 381 186 47 139 
225 63 213 76 127 138 129 55 114 495 198 51 88 440 179 46 133 381 185 47 140 
226 63 213 76 127 138 130 57 109 495 198 51 89 439 177 47 136 381 185 47 139 
227 63 213 75 127 137 129 57 112 495 199 50 87 438 177 46 135 380 189 47 134 
228 63 213 75 127 138 128 57 115 495 198 51 88 437 179 45 131 379 189 48 134 
229 63 213 76 127 140 129 55 117 495 200 49 86 436 179 45 131 378 189 49 136 
230 63 212 77 128 141 126 53 124 494 198 51 88 437 179 45 132 378 190 49 134 
231 141 128 53 121 63 213 76 128 495 199 51 87 434 179 46 131 378 191 50 133 
232 63 212 76 128 139 126 56 120 433 180 46 131 495 199 51 88 377 189 52 135 
233 63 212 76 128 138 129 57 116 495 199 51 87 433 179 46 132 377 189 52 136 
234 63 213 75 127 431 179 47 132 137 128 59 110 495 199 51 87 376 191 52 134 
235 62 212 76 129 138 129 57 110 430 194 49 118 495 200 51 86 377 192 52 133 
236 63 212 76 128 138 129 55 111 431 194 47 118 495 199 51 87 377 190 50 134 
237 63 212 77 129 140 129 54 111 429 191 48 123 495 199 51 88 377 191 50 134 
238 63 212 76 128 140 128 53 111 429 194 49 120 495 200 51 87 377 191 51 133 
239 63 212 76 128 140 126 54 113 429 193 49 122 496 200 50 86 378 191 50 134 
240 63 212 75 129 140 126 53 111 428 195 48 118 496 201 50 85 378 192 50 132 
241 64 212 75 128 136 117 60 107 428 196 48 116 495 200 51 86 378 191 50 132 
242 63 212 76 129 428 194 48 118 136 114 61 108 495 200 50 86 378 188 49 136 
243 64 212 75 129 432 178 42 133 496 199 50 88 137 112 59 103 379 188 49 136 
244 64 212 75 129 496 199 49 89 432 177 43 135 136 111 62 101 378 188 49 137 
245 63 211 75 130 495 199 50 89 134 111 64 99 430 187 46 132 378 190 50 136 
246 63 211 75 131 495 200 50 88 135 112 61 102 431 187 45 133 379 189 49 137 
247 63 212 75 130 495 200 51 89 136 113 62 106 432 187 43 132 379 189 49 138 
248 63 211 75 130 131 115 66 107 495 199 51 89 433 188 43 130 379 189 49 138 
249 63 212 76 129 139 123 52 116 494 198 51 91 433 189 43 130 378 191 50 137 
250 63 213 75 128 495 198 50 91 141 125 53 113 433 188 42 131 379 191 49 135 
251 140 129 54 113 63 214 75 127 495 198 50 91 433 188 43 131 379 191 49 135 
252 63 213 76 127 139 129 54 112 496 199 50 91 432 187 42 133 379 192 50 135 
253 496 201 51 88 62 214 76 126 137 128 57 113 432 190 44 128 379 192 49 134 
254 62 213 76 127 495 200 52 87 136 130 59 107 432 188 43 131 378 192 50 134 
255 62 214 75 127 495 201 51 86 137 129 58 114 433 189 43 131 378 193 50 133 
256 140 130 54 114 62 213 76 128 495 199 52 88 432 188 44 132 377 194 50 132 
257 63 213 75 127 140 130 54 114 494 199 52 90 432 189 44 130 376 196 51 131 
258 546 206 79 69 63 213 75 128 496 201 50 88 138 128 57 117 432 190 43 130 376 196 51 130 
259 546 206 79 70 63 213 74 128 496 201 52 88 137 128 57 117 431 189 44 130 376 196 50 131 
260 545 207 81 69 497 201 48 89 63 214 74 127 137 129 57 113 430 190 45 130 377 196 50 132 
261 487 198 45 91 63 214 75 128 137 130 57 112 430 192 44 129 377 195 50 134 
262 496 203 49 84 63 213 74 128 138 127 54 118 431 191 44 129 376 196 51 131 
263 63 213 74 128 485 198 48 88 138 128 54 115 432 190 43 129 376 193 50 133 
264 557 207 78 61 63 212 75 129 483 199 50 89 141 129 52 115 431 188 43 131 377 194 49 132 
265 555 208 79 59 63 212 75 130 480 198 54 89 140 126 53 114 431 188 43 132 376 195 50 132 
266 482 201 51 84 63 213 75 128 140 125 52 112 430 187 44 133 377 193 48 132 
267 481 203 51 82 63 213 75 128 134 118 60 106 431 188 44 131 376 194 49 131 
268 63 213 75 129 481 202 50 83 134 114 64 106 431 188 44 131 376 195 50 131 
269 479 202 51 83 63 213 75 129 135 112 63 107 432 189 44 130 376 194 50 132 
270 483 203 50 82 63 213 75 129 135 113 62 102 432 189 44 130 376 193 49 132 
271 63 212 75 129 482 202 49 84 136 113 61 104 431 187 45 132 376 191 49 134 
272 498 206 47 79 481 203 49 82 63 212 75 129 136 113 63 106 431 187 45 132 376 190 49 135 
273 499 205 44 79 482 202 48 83 62 213 76 129 134 116 63 107 432 188 44 131 376 191 49 134 
274 482 204 50 81 62 213 76 129 140 123 51 114 431 190 45 130 376 192 49 134 
275 63 213 75 130 483 203 50 82 141 124 52 117 431 190 45 129 377 190 48 136 
276 498 206 47 78 62 213 75 129 140 127 54 114 431 189 44 130 377 190 47 135 
277 499 214 45 74 62 213 76 129 140 128 54 117 431 191 45 127 377 190 47 135 
278 62 213 76 130 139 129 55 117 430 191 45 128 376 191 48 134 
279 63 213 75 128 137 130 57 113 431 191 45 128 377 189 47 137 
280 63 214 75 126 138 129 57 116 431 189 44 130 377 189 47 137 
281 139 129 55 116 63 214 74 127 430 191 45 128 376 189 49 137 
282 141 129 52 121 63 213 74 129 430 189 45 130 376 191 49 135 
283 482 217 44 74 499 217 44 72 141 130 51 121 63 213 74 129 431 190 44 129 377 191 49 135 
284 141 129 53 121 63 214 75 128 431 189 44 130 377 189 47 136 
285 554 207 81 60 482 216 48 74 63 213 74 129 139 129 56 119 431 189 45 131 376 190 48 136 
286 555 207 79 63 482 218 45 73 63 213 74 129 137 129 57 114 431 188 44 131 376 191 49 136 
287 480 219 45 72 63 213 75 129 137 129 56 114 431 189 44 130 376 190 49 137 
288 479 219 46 72 62 213 76 129 138 129 56 114 431 189 45 130 376 189 49 137 
289 479 217 47 73 63 213 75 128 138 128 56 117 431 190 45 129 376 189 48 137 
290 63 214 74 127 137 128 57 113 432 190 44 129 376 189 48 136 
291 63 213 74 128 141 128 51 116 432 190 44 129 376 191 49 134 
292 497 215 49 73 63 212 76 129 141 128 51 114 431 190 45 129 376 190 49 136 
293 63 213 75 129 139 124 54 116 431 189 44 129 377 190 47 137 
294 63 213 76 129 138 123 56 115 432 190 44 127 377 189 47 136 
295 63 213 75 130 132 118 62 107 431 190 44 128 376 189 48 137 
296 63 213 75 129 134 116 63 105 431 189 44 130 376 188 48 138 
297 546 207 80 68 63 213 76 130 136 114 61 109 431 190 44 129 376 190 48 136 
298 62 213 77 129 137 113 61 109 431 191 44 128 377 191 48 135 
299 62 213 77 129 431 190 44 128 138 113 59 109 377 190 47 136 
300 483 217 49 76 63 215 75 126 135 115 62 107 428 193 47 124 378 192 48 135 
301 63 215 75 127 133 117 61 108 428 192 47 126 377 191 48 136 
302 497 217 48 71 64 214 74 127 138 123 53 116 429 193 46 126 378 191 48 135 
303 482 216 50 75 64 214 74 127 140 126 52 114 429 192 46 127 378 192 48 134 
304 497 218 46 70 63 214 75 128 140 128 53 116 429 192 45 128 378 191 48 135 
305 497 218 48 70 63 214 74 128 137 128 54 115 430 190 45 128 377 192 48 133 
306 497 219 48 69 63 214 74 129 139 130 55 112 430 191 45 127 377 191 48 135 
307 496 218 49 70 63 214 74 128 140 129 54 114 430 192 45 127 377 192 48 135 
308 496 218 49 70 63 213 75 129 140 129 53 120 430 192 46 127 377 193 49 133 
309 63 213 74 129 140 128 54 122 430 191 45 128 378 193 48 134 
310 497 218 47 71 63 213 75 129 141 129 52 121 430 192 45 128 377 193 48 132 
311 63 213 75 130 141 129 53 122 430 191 45 128 378 193 49 133 
312 484 214 49 78 143 132 49 118 63 214 75 128 429 191 46 129 377 191 49 135 
313 143 133 49 116 63 213 74 128 429 191 46 128 377 193 49 133 
314 144 136 46 109 63 213 76 129 429 191 46 128 377 193 49 132 
315 143 135 48 113 63 214 74 127 428 192 47 127 376 194 49 132 
316 143 136 47 111 63 214 75 128 428 191 47 128 376 194 49 132 
317 496 216 49 71 145 136 47 112 62 212 77 130 429 191 46 128 377 191 48 134 
318 63 213 76 129 429 192 47 127 376 194 49 131 
319 62 213 77 130 429 192 47 127 377 194 49 131 
320 63 213 76 130 429 191 46 128 378 193 49 134 
321 483 214 48 78 63 213 76 130 429 192 46 127 377 194 49 132 
322 63 213 76 131 429 192 46 128 377 194 49 133 
323 152 146 43 121 555 208 79 58 63 213 76 130 430 190 45 130 377 193 49 134 
324 144 134 48 117 63 213 76 130 429 191 46 128 377 194 50 133 
325 143 133 47 121 62 212 77 130 430 191 45 128 377 191 49 135 
326 62 213 77 130 430 193 45 127 377 192 49 135 
327 62 213 77 130 430 193 45 126 377 193 49 133 
328 62 212 77 131 430 193 45 126 377 194 50 133 
329 62 213 77 130 429 192 46 128 376 192 50 134 
330 62 213 77 129 429 191 46 128 376 193 50 133 
331 547 207 78 65 62 213 77 128 430 191 44 129 376 193 50 134 
332 547 208 78 63 62 213 76 129 430 192 45 128 377 193 49 134 
333 496 217 49 73 548 207 75 65 63 213 76 129 430 191 44 129 377 193 50 133 
334 548 207 75 65 63 213 76 129 430 192 44 128 376 194 50 133 
335 546 208 77 64 63 213 75 129 430 194 44 127 376 194 50 133 
336 547 207 76 66 63 214 75 129 431 194 44 126 377 194 49 133 
337 547 207 76 66 63 214 75 128 431 194 44 126 377 194 50 132 
338 141 134 51 113 546 207 80 65 63 215 74 128 430 194 44 127 376 194 50 134 
339 140 133 53 116 64 216 74 128 430 193 43 128 375 194 51 133 
340 140 131 54 119 64 215 74 128 430 193 44 127 376 193 50 134 
341 140 133 53 114 64 216 74 127 431 194 44 126 375 193 51 134 
342 141 133 53 112 64 217 74 127 431 193 43 127 375 193 51 135 
343 142 133 52 114 64 217 74 127 431 193 43 127 375 193 51 135 
344 480 217 48 75 142 134 51 110 554 209 80 56 64 219 74 127 431 192 43 128 376 192 50 135 
345 553 209 82 57 63 220 76 124 431 192 43 129 375 193 51 134 
346 63 222 76 124 431 193 43 128 375 193 51 135 
347 142 131 51 114 63 222 76 124 431 194 42 126 375 194 51 134 
348 140 132 54 109 62 223 77 123 431 193 42 126 375 194 51 134 
349 140 131 56 112 63 223 77 123 430 194 43 125 375 194 51 133 
350 140 130 56 115 62 222 78 124 430 193 44 126 376 194 50 133 
351 482 218 47 74 141 132 54 113 62 221 78 124 430 192 44 127 376 194 50 133 
352 141 129 54 121 63 218 77 126 430 191 43 129 376 194 50 133 
353 141 128 54 124 63 219 76 128 430 193 43 127 376 194 50 133 
354 64 217 74 127 430 192 43 127 377 192 49 135 
355 129 117 71 144 63 214 75 129 430 192 43 128 377 193 49 134 
356 63 213 76 131 131 118 69 146 430 191 44 128 377 193 49 134 
357 62 213 78 131 143 126 50 134 430 193 43 126 377 193 49 134 
358 153 149 42 110 430 193 42 127 377 193 49 133 
359 143 130 50 130 62 215 78 128 430 191 43 129 377 192 49 135 
360 63 216 77 126 430 192 43 128 376 194 50 133 
361 63 217 76 125 430 193 44 127 376 194 49 134 
362 481 215 51 78 63 216 76 126 431 193 44 126 376 194 49 134 
363 147 162 45 100 64 217 75 126 430 194 43 126 376 193 50 136 
364 477 200 54 89 143 163 50 101 63 218 76 125 431 194 44 128 376 191 50 137 
365 480 200 53 89 141 165 55 98 64 217 76 128 431 193 44 128 375 193 51 136 
366 145 163 59 99 64 219 76 127 430 195 43 126 375 195 52 132 
367 145 165 58 98 64 219 75 129 430 194 44 127 375 195 52 133 
368 63 221 77 127 142 168 54 97 430 193 43 127 376 192 50 137 
369 68 236 70 104 147 168 55 101 430 193 44 128 377 194 51 135 
370 69 240 67 98 149 166 55 109 430 194 43 126 378 194 49 135 
371 151 174 56 109 429 195 45 126 378 196 51 134 
372 545 208 82 66 497 213 50 77 155 177 55 116 429 194 45 128 379 195 50 136 
373 497 213 50 77 480 212 50 80 545 207 81 68 158 180 54 118 429 196 45 126 379 194 50 136 
374 481 210 50 83 159 183 55 119 429 195 45 127 380 195 49 135 
375 497 212 50 79 546 209 81 67 477 211 53 84 166 194 52 118 430 194 45 127 382 196 48 135 
376 480 209 51 85 178 196 41 119 430 194 44 127 382 196 48 134 
377 497 213 49 79 479 210 51 84 431 194 44 127 182 198 42 113 382 197 48 134 
378 479 209 54 86 183 196 48 117 431 194 44 127 383 197 48 135 
379 478 208 54 87 186 198 52 114 431 193 43 129 383 196 48 136 
380 478 207 55 89 188 192 54 123 432 192 43 131 383 195 48 137 
381 545 208 80 67 496 212 50 81 196 195 55 123 432 194 42 127 383 198 48 135 
382 480 208 50 88 497 213 49 80 198 189 55 130 432 193 42 128 384 195 47 137 
383 546 208 78 66 481 209 50 87 497 213 50 81 204 190 51 129 431 191 42 131 383 195 48 138 
384 545 208 80 67 481 209 49 86 497 215 50 78 431 192 43 130 210 192 52 127 383 198 48 136 
385 545 209 79 67 482 210 47 85 497 215 49 79 217 190 45 133 431 192 43 130 383 198 49 135 
386 480 202 52 88 497 212 49 81 224 195 37 128 432 191 42 131 383 196 48 136 
387 479 202 52 88 497 214 50 79 432 191 42 132 226 196 45 125 383 197 48 135 
388 479 203 52 87 497 213 50 80 431 192 43 130 383 196 48 136 225 195 55 126 
389 478 201 55 89 496 211 51 83 432 192 42 129 227 196 55 127 383 198 49 135 
390 478 201 54 88 496 213 50 80 431 190 43 131 228 194 55 132 383 197 48 135 
391 546 208 79 66 480 202 52 88 496 214 50 78 432 191 42 129 231 196 52 130 383 197 48 135 
392 479 201 52 89 496 214 52 79 432 193 43 130 383 197 48 135 238 197 46 131 
393 545 208 80 66 496 214 49 78 250 195 45 134 432 191 42 130 384 195 47 137 
394 545 208 81 66 479 201 52 90 496 213 50 80 256 194 39 135 432 190 42 131 384 197 47 135 
395 477 201 55 89 544 207 80 68 495 212 52 81 262 197 38 132 432 191 42 131 384 197 47 135 
396 544 207 81 68 495 212 52 82 268 192 42 139 433 192 41 129 384 197 48 134 
397 544 208 80 66 496 213 52 82 268 193 45 139 434 194 40 127 383 198 48 134 
398 479 200 51 91 545 208 79 66 495 213 53 83 267 188 71 150 433 193 41 127 383 198 48 133 
399 544 208 81 67 479 201 53 89 495 212 52 80 270 189 71 149 432 193 42 128 383 198 47 133 
400 478 201 54 89 495 212 53 81 432 193 42 128 273 188 69 149 383 200 49 132 
401 481 210 49 84 496 214 50 78 277 189 67 148 432 194 43 127 383 198 48 133 
402 495 213 51 79 433 196 42 125 383 198 48 134 289 193 50 138 
403 495 211 52 82 295 192 45 146 433 193 42 129 383 198 48 135 
404 545 206 81 70 482 201 49 90 496 211 51 83 434 193 40 129 306 192 44 144 384 198 48 135 
405 546 208 81 67 575 215 59 96 481 202 50 89 496 213 50 80 433 194 41 128 384 195 47 138 308 187 46 150 
406 65 264 73 85 574 213 59 98 480 201 53 90 495 211 53 83 309 193 49 137 433 193 41 128 383 196 48 136 
407 572 212 60 99 481 202 51 88 496 212 51 81 311 194 50 133 384 197 47 134 432 192 42 130 
408 482 202 50 89 570 211 60 100 497 212 50 81 311 195 53 128 384 196 46 136 432 192 41 129 
409 573 214 59 95 64 264 74 83 496 212 52 80 320 194 54 130 385 197 45 134 432 192 41 129 
410 573 215 60 94 64 263 75 84 496 212 52 82 320 198 56 126 385 197 45 135 432 193 42 129 
411 574 217 60 92 64 263 75 83 496 211 52 82 326 194 52 129 385 196 45 136 433 194 41 129 
412 64 254 75 80 482 210 47 84 496 212 51 81 384 199 45 133 330 191 51 134 432 194 42 128 
413 482 210 46 85 497 212 51 81 384 198 45 134 432 194 42 128 334 191 46 132 
414 482 201 51 90 574 214 58 95 61 251 80 86 496 211 51 82 337 192 44 129 385 196 43 136 432 193 41 128 
415 60 249 81 89 496 212 52 80 340 193 47 126 384 198 44 136 432 192 41 130 
416 496 212 52 80 60 249 82 90 340 190 49 131 433 192 40 130 385 196 44 137 
417 496 212 51 80 60 248 83 92 342 191 47 127 432 190 41 131 385 197 42 135 
418 496 212 51 80 60 247 81 93 349 192 44 125 432 190 41 130 385 195 41 135 
419 482 212 47 82 497 214 50 78 60 248 82 90 350 196 43 122 432 191 41 130 384 197 42 132 
420 496 214 51 77 59 248 82 90 352 194 41 125 431 192 42 129 384 195 43 136 
421 480 212 51 81 496 215 52 77 59 249 83 88 354 191 40 126 431 192 43 129 384 193 42 137 
422 578 221 59 90 478 211 52 83 496 213 53 79 355 191 40 127 431 194 43 127 384 192 43 140 
423 480 211 49 83 497 213 49 78 355 192 39 123 431 192 43 130 384 195 44 136 
424 60 249 82 88 497 215 49 76 480 212 48 81 358 192 37 121 384 196 43 133 432 191 42 130 
425 60 248 83 90 482 209 47 85 497 213 49 80 359 193 36 120 383 196 45 134 432 192 42 129 
426 481 212 48 82 498 215 48 77 361 193 35 119 384 194 44 134 432 192 41 130 
427 482 211 48 83 497 214 50 78 363 184 37 124 384 189 43 141 433 190 40 132 
428 60 248 81 90 481 212 50 81 496 215 51 77 363 194 34 117 383 191 44 139 433 193 41 129 
429 61 250 79 88 495 214 53 77 365 195 32 119 433 193 42 129 381 194 47 135 
430 481 202 51 85 433 192 41 129 380 192 48 134 
431 480 200 54 89 432 191 42 130 379 195 50 134 
